image_width: 640
image_height: 480
camera_name: eye_camera
camera_matrix:
  rows: 3
  cols: 3
  data: [534.205414, 0.000000, 309.028112, 0.000000, 534.718123, 251.443364, 0.000000, 0.000000, 1.000000]
distortion_model: plumb_bob
distortion_coefficients:
  rows: 1
  cols: 5
  data: [-0.110715, 0.138095, 0.002612, 0.001484, 0.000000]
rectification_matrix:
  rows: 3
  cols: 3
  data: [1.000000, 0.000000, 0.000000, 0.000000, 1.000000, 0.000000, 0.000000, 0.000000, 1.000000]
projection_matrix:
  rows: 3
  cols: 4
  data: [525.530212, 0.000000, 310.357038, 0.000000, 0.000000, 526.721375, 252.555629, 0.000000, 0.000000, 0.000000, 1.000000, 0.000000]
