# oST version 5.0 parameters


[image]

width
640

height
480

[narrow_stereo]

camera matrix
534.205414 0.000000 309.028112
0.000000 534.718123 251.443364
0.000000 0.000000 1.000000

distortion
-0.110715 0.138095 0.002612 0.001484 0.000000

rectification
1.000000 0.000000 0.000000
0.000000 1.000000 0.000000
0.000000 0.000000 1.000000

projection
525.530212 0.000000 310.357038 0.000000
0.000000 526.721375 252.555629 0.000000
0.000000 0.000000 1.000000 0.000000

